606
1000
999
998
997
996
995
994
993
992
991
990
989
988
987
986
985
984
983
982
981
980
979
978
977
976
975
974
973
972
971
970
969
968
967
966
965
964
963
962
961
960
959
958
957
956
955
954
953
952
951
950
949
948
947
945
944
943
942
941
940
939
938
937
936
935
934
933
932
931
930
929
928
926
925
924
923
922
921
920
919
918
917
916
915
914
913
912
911
910
909
908
906
905
904
903
902
901
900
899
898
897
896
895
894
893
891
889
886
885
884
883
882
881
880
879
878
877
876
875
874
873
872
871
870
869
868
867
866
865
864
863
862
861
860
859
858
857
856
855
854
853
852
851
850
849
848
847
846
845
844
843
842
841
840
839
838
837
836
835
834
833
832
831
830
829
828
827
826
825
824
823
822
821
820
819
818
817
816
815
813
812
811
810
809
808
807
806
805
804
803
802
801
800
799
798
797
796
795
793
792
791
790
789
788
787
786
785
784
783
782
781
780
779
778
777
776
775
773
772
771
770
769
768
767
766
765
764
763
762
761
760
759
758
757
756
755
753
752
751
750
749
748
747
746
745
744
743
742
741
740
738
736
733
732
731
730
729
728
727
726
725
724
723
722
721
720
719
718
717
716
715
714
713
712
711
710
709
708
707
706
705
704
703
699
695
691
687
683
679
675
671
667
663
659
655
651
647
643
639
635
631
627
623
619
615
611
607
603
599
595
591
582
573
564
551
542
533
524
515
506
497
488
479
470
461
452
443
434
430
428
426
424
422
420
418
416
414
412
410
408
406
404
403
402
401
400
399
398
397
396
395
394
393
392
391
390
389
388
387
386
385
384
383
382
381
380
379
378
377
376
375
374
373
372
371
370
369
368
367
366
365
364
363
362
361
360
359
358
357
356
355
354
353
352
351
350
349
348
347
346
345
344
343
342
341
340
339
338
337
336
335
334
333
332
331
330
329
328
327
326
325
324
323
321
320
319
318
317
316
315
314
313
312
311
310
309
308
307
306
305
304
303
301
300
299
298
297
296
295
294
293
292
291
290
289
288
287
286
285
284
283
281
280
279
278
277
276
275
274
273
272
271
270
269
268
267
266
265
264
263
261
260
259
258
257
256
255
254
253
252
251
250
249
248
246
244
241
240
239
238
237
236
235
234
233
232
231
230
229
228
227
226
225
224
223
222
221
220
219
218
217
216
215
214
213
212
211
207
203
199
195
191
187
183
179
175
171
167
163
159
155
151
147
143
139
135
131
127
123
119
115
111
107
103
99
90
81
72
63
52
51
50
49
48
47
46
45
44
43
42
41
40
38
37
36
35
34
33
32
31
30
29
28
27
26
25
23
21
18
17
16
15
14
13
12
11
10
9
8
7
6
5
4
3
2
1
