5872
10000
9991
9982
9973
9964
9955
9946
9937
9928
9919
9910
9901
9892
9889
9887
9885
9883
9881
9879
9877
9875
9873
9871
9869
9867
9865
9863
9862
9861
9860
9859
9858
9857
9856
9855
9854
9853
9852
9851
9850
9849
9848
9847
9846
9845
9844
9843
9842
9841
9840
9839
9838
9837
9836
9835
9834
9833
9832
9831
9830
9829
9828
9827
9826
9825
9824
9823
9822
9821
9820
9819
9818
9817
9816
9815
9814
9813
9812
9811
9810
9809
9808
9807
9806
9805
9804
9803
9802
9801
9800
9799
9798
9797
9796
9795
9794
9793
9792
9791
9790
9789
9788
9787
9786
9785
9784
9783
9782
9780
9779
9778
9777
9776
9775
9774
9773
9772
9771
9770
9769
9768
9767
9766
9765
9764
9763
9762
9760
9759
9758
9757
9756
9755
9754
9753
9752
9751
9750
9749
9748
9747
9746
9745
9744
9743
9742
9740
9739
9738
9737
9736
9735
9734
9733
9732
9731
9730
9729
9728
9727
9726
9725
9724
9723
9722
9720
9719
9718
9717
9716
9715
9714
9713
9712
9711
9710
9709
9708
9707
9705
9703
9700
9699
9698
9697
9696
9695
9694
9693
9692
9691
9690
9689
9688
9687
9686
9685
9684
9683
9682
9681
9680
9679
9678
9677
9676
9675
9674
9673
9672
9671
9670
9666
9662
9658
9654
9650
9646
9642
9638
9634
9630
9626
9622
9618
9614
9610
9606
9602
9598
9594
9590
9586
9582
9578
9574
9570
9566
9562
9558
9549
9540
9531
9522
9511
9510
9509
9508
9507
9506
9505
9504
9503
9502
9501
9500
9499
9497
9496
9495
9494
9493
9492
9491
9490
9489
9488
9487
9486
9485
9484
9482
9480
9477
9476
9475
9474
9473
9472
9471
9470
9469
9468
9467
9466
9465
9464
9463
9462
9461
9460
9459
9458
9457
9456
9455
9454
9453
9452
9451
9450
9449
9448
9447
9446
9445
9444
9443
9442
9441
9440
9439
9438
9437
9436
9435
9434
9433
9432
9431
9430
9428
9427
9426
9425
9424
9423
9422
9421
9420
9419
9418
9417
9416
9415
9414
9413
9412
9411
9410
9408
9407
9406
9405
9404
9403
9402
9401
9400
9399
9398
9397
9396
9395
9394
9393
9392
9391
9390
9388
9387
9386
9385
9384
9383
9382
9381
9380
9379
9378
9377
9376
9375
9374
9373
9372
9371
9370
9368
9367
9366
9365
9364
9363
9362
9361
9360
9359
9358
9357
9356
9355
9353
9351
9348
9347
9346
9345
9344
9343
9342
9341
9340
9339
9338
9337
9336
9335
9334
9333
9332
9331
9330
9329
9328
9327
9326
9325
9324
9323
9322
9321
9320
9319
9318
9314
9310
9306
9302
9298
9294
9290
9286
9282
9278
9274
9270
9266
9262
9258
9254
9250
9246
9242
9238
9234
9230
9226
9222
9218
9214
9210
9206
9197
9188
9179
9166
9157
9148
9139
9130
9121
9112
9103
9094
9085
9076
9067
9058
9049
9045
9043
9041
9039
9037
9035
9033
9031
9029
9027
9025
9023
9021
9019
9018
9017
9016
9015
9014
9013
9012
9011
9010
9009
9008
9007
9006
9005
9004
9003
9002
9001
9000
8999
8998
8997
8996
8995
8994
8993
8992
8991
8990
8989
8988
8987
8986
8985
8984
8983
8982
8981
8980
8979
8978
8977
8976
8975
8974
8973
8972
8971
8970
8969
8968
8967
8966
8965
8964
8963
8962
8961
8960
8959
8958
8957
8956
8955
8954
8953
8952
8951
8950
8949
8948
8947
8946
8945
8944
8943
8942
8941
8940
8939
8938
8936
8935
8934
8933
8932
8931
8930
8929
8928
8927
8926
8925
8924
8923
8922
8921
8920
8919
8918
8916
8915
8914
8913
8912
8911
8910
8909
8908
8907
8906
8905
8904
8903
8902
8901
8900
8899
8898
8896
8895
8894
8893
8892
8891
8890
8889
8888
8887
8886
8885
8884
8883
8882
8881
8880
8879
8878
8876
8875
8874
8873
8872
8871
8870
8869
8868
8867
8866
8865
8864
8863
8861
8859
8856
8855
8854
8853
8852
8851
8850
8849
8848
8847
8846
8845
8844
8843
8842
8841
8840
8839
8838
8837
8836
8835
8834
8833
8832
8831
8830
8829
8828
8827
8826
8822
8818
8814
8810
8806
8802
8798
8794
8790
8786
8782
8778
8774
8770
8766
8762
8758
8754
8750
8746
8742
8738
8734
8730
8726
8722
8718
8714
8705
8696
8687
8678
8667
8666
8665
8664
8663
8662
8661
8660
8659
8658
8657
8656
8655
8653
8652
8651
8650
8649
8648
8647
8646
8645
8644
8643
8642
8641
8640
8638
8636
8633
8632
8631
8630
8629
8628
8627
8626
8625
8624
8623
8622
8621
8620
8619
8618
8617
8616
8615
8614
8613
8612
8611
8610
8609
8608
8607
8606
8605
8604
8603
8602
8601
8600
8599
8598
8597
8596
8595
8594
8593
8592
8591
8590
8589
8588
8587
8586
8585
8583
8582
8581
8580
8579
8578
8577
8576
8575
8574
8573
8572
8571
8570
8569
8568
8567
8566
8565
8563
8562
8561
8560
8559
8558
8557
8556
8555
8554
8553
8552
8551
8550
8549
8548
8547
8546
8545
8543
8542
8541
8540
8539
8538
8537
8536
8535
8534
8533
8532
8531
8530
8529
8528
8527
8526
8525
8523
8522
8521
8520
8519
8518
8517
8516
8515
8514
8513
8512
8511
8510
8508
8506
8503
8502
8501
8500
8499
8498
8497
8496
8495
8494
8493
8492
8491
8490
8489
8488
8487
8486
8485
8484
8483
8482
8481
8480
8479
8478
8477
8476
8475
8474
8473
8469
8465
8461
8457
8453
8449
8445
8441
8437
8433
8429
8425
8421
8417
8413
8409
8405
8401
8397
8393
8389
8385
8381
8377
8373
8369
8365
8361
8352
8343
8334
8321
8312
8303
8294
8285
8276
8267
8258
8249
8240
8231
8222
8213
8204
8200
8198
8196
8194
8192
8190
8188
8186
8184
8182
8180
8178
8176
8174
8173
8172
8171
8170
8169
8168
8167
8166
8165
8164
8163
8162
8161
8160
8159
8158
8157
8156
8155
8154
8153
8152
8151
8150
8149
8148
8147
8146
8145
8144
8143
8142
8141
8140
8139
8138
8137
8136
8135
8134
8133
8132
8131
8130
8129
8128
8127
8126
8125
8124
8123
8122
8121
8120
8119
8118
8117
8116
8115
8114
8113
8112
8111
8110
8109
8108
8107
8106
8105
8104
8103
8102
8101
8100
8099
8098
8097
8096
8095
8094
8093
8091
8090
8089
8088
8087
8086
8085
8084
8083
8082
8081
8080
8079
8078
8077
8076
8075
8074
8073
8071
8070
8069
8068
8067
8066
8065
8064
8063
8062
8061
8060
8059
8058
8057
8056
8055
8054
8053
8051
8050
8049
8048
8047
8046
8045
8044
8043
8042
8041
8040
8039
8038
8037
8036
8035
8034
8033
8031
8030
8029
8028
8027
8026
8025
8024
8023
8022
8021
8020
8019
8018
8016
8014
8011
8010
8009
8008
8007
8006
8005
8004
8003
8002
8001
8000
7999
7998
7997
7996
7995
7994
7993
7992
7991
7990
7989
7988
7987
7986
7985
7984
7983
7982
7981
7977
7973
7969
7965
7961
7957
7953
7949
7945
7941
7937
7933
7929
7925
7921
7917
7913
7909
7905
7901
7897
7893
7889
7885
7881
7877
7873
7869
7860
7851
7842
7833
7822
7821
7820
7819
7818
7817
7816
7815
7814
7813
7812
7811
7810
7808
7807
7806
7805
7804
7803
7802
7801
7800
7799
7798
7797
7796
7795
7793
7791
7788
7787
7786
7785
7784
7783
7782
7781
7780
7779
7778
7777
7776
7775
7774
7773
7772
7771
7770
7769
7768
7767
7766
7765
7764
7763
7762
7761
7760
7759
7758
7757
7756
7755
7754
7753
7752
7751
7750
7749
7748
7747
7746
7745
7744
7743
7742
7741
7740
7738
7737
7736
7735
7734
7733
7732
7731
7730
7729
7728
7727
7726
7725
7724
7723
7722
7721
7720
7718
7717
7716
7715
7714
7713
7712
7711
7710
7709
7708
7707
7706
7705
7704
7703
7702
7701
7700
7698
7697
7696
7695
7694
7693
7692
7691
7690
7689
7688
7687
7686
7685
7684
7683
7682
7681
7680
7678
7677
7676
7675
7674
7673
7672
7671
7670
7669
7668
7667
7666
7665
7663
7661
7658
7657
7656
7655
7654
7653
7652
7651
7650
7649
7648
7647
7646
7645
7644
7643
7642
7641
7640
7639
7638
7637
7636
7635
7634
7633
7632
7631
7630
7629
7628
7624
7620
7616
7612
7608
7604
7600
7596
7592
7588
7584
7580
7576
7572
7568
7564
7560
7556
7552
7548
7544
7540
7536
7532
7528
7524
7520
7516
7507
7498
7489
7476
7467
7458
7449
7440
7431
7422
7413
7404
7395
7386
7377
7368
7359
7355
7353
7351
7349
7347
7345
7343
7341
7339
7337
7335
7333
7331
7329
7328
7327
7326
7325
7324
7323
7322
7321
7320
7319
7318
7317
7316
7315
7314
7313
7312
7311
7310
7309
7308
7307
7306
7305
7304
7303
7302
7301
7300
7299
7298
7297
7296
7295
7294
7293
7292
7291
7290
7289
7288
7287
7286
7285
7284
7283
7282
7281
7280
7279
7278
7277
7276
7275
7274
7273
7272
7271
7270
7269
7268
7267
7266
7265
7264
7263
7262
7261
7260
7259
7258
7257
7256
7255
7254
7253
7252
7251
7250
7249
7248
7246
7245
7244
7243
7242
7241
7240
7239
7238
7237
7236
7235
7234
7233
7232
7231
7230
7229
7228
7226
7225
7224
7223
7222
7221
7220
7219
7218
7217
7216
7215
7214
7213
7212
7211
7210
7209
7208
7206
7205
7204
7203
7202
7201
7200
7199
7198
7197
7196
7195
7194
7193
7192
7191
7190
7189
7188
7186
7185
7184
7183
7182
7181
7180
7179
7178
7177
7176
7175
7174
7173
7171
7169
7166
7165
7164
7163
7162
7161
7160
7159
7158
7157
7156
7155
7154
7153
7152
7151
7150
7149
7148
7147
7146
7145
7144
7143
7142
7141
7140
7139
7138
7137
7136
7132
7128
7124
7120
7116
7112
7108
7104
7100
7096
7092
7088
7084
7080
7076
7072
7068
7064
7060
7056
7052
7048
7044
7040
7036
7032
7028
7024
7015
7006
6997
6988
6977
6976
6975
6974
6973
6972
6971
6970
6969
6968
6967
6966
6965
6963
6962
6961
6960
6959
6958
6957
6956
6955
6954
6953
6952
6951
6950
6948
6946
6943
6942
6941
6940
6939
6938
6937
6936
6935
6934
6933
6932
6931
6930
6929
6928
6927
6926
6925
6924
6923
6922
6921
6920
6919
6918
6917
6916
6915
6914
6913
6912
6911
6910
6909
6908
6907
6906
6905
6904
6903
6902
6901
6900
6899
6898
6897
6896
6894
6893
6892
6891
6890
6889
6888
6887
6886
6885
6884
6883
6882
6881
6880
6879
6878
6877
6875
6874
6873
6872
6871
6870
6869
6868
6867
6866
6865
6864
6863
6862
6861
6860
6859
6858
6857
6855
6854
6853
6852
6851
6850
6849
6848
6847
6846
6845
6844
6843
6841
6840
6839
6838
6837
6836
6835
6834
6833
6832
6831
6830
6829
6828
6827
6826
6825
6824
6823
6822
6821
6820
6819
6818
6817
6816
6815
6814
6813
6811
6810
6809
6808
6807
6806
6805
6804
6803
6802
6801
6800
6799
6798
6797
6796
6795
6794
6792
6791
6790
6789
6788
6787
6786
6785
6784
6783
6782
6781
6780
6779
6778
6777
6776
6775
6774
6772
6771
6770
6769
6768
6767
6766
6765
6764
6763
6762
6761
6760
6758
6757
6756
6755
6754
6753
6752
6751
6750
6749
6748
6747
6746
6745
6744
6743
6742
6741
6740
6739
6738
6737
6736
6735
6734
6733
6732
6731
6730
6729
6727
6726
6725
6724
6723
6722
6721
6720
6719
6718
6717
6716
6715
6714
6713
6712
6711
6710
6708
6707
6706
6705
6704
6703
6702
6701
6700
6699
6698
6697
6696
6695
6694
6693
6692
6691
6690
6688
6687
6686
6685
6684
6683
6682
6681
6680
6679
6678
6677
6676
6674
6673
6672
6671
6670
6669
6668
6667
6666
6665
6664
6663
6662
6661
6660
6659
6658
6657
6656
6655
6654
6653
6652
6651
6650
6649
6648
6647
6646
6645
6643
6642
6641
6640
6639
6638
6637
6636
6635
6634
6633
6632
6631
6630
6629
6628
6627
6626
6624
6623
6622
6621
6620
6619
6618
6617
6616
6615
6614
6613
6612
6611
6610
6609
6608
6607
6606
6604
6603
6602
6601
6600
6599
6598
6597
6596
6595
6594
6593
6592
6590
6589
6588
6587
6586
6585
6584
6583
6582
6581
6580
6579
6578
6577
6576
6575
6574
6573
6572
6571
6570
6569
6568
6567
6566
6565
6564
6563
6562
6561
6559
6558
6557
6556
6555
6554
6553
6552
6551
6550
6549
6548
6547
6546
6545
6544
6543
6542
6540
6539
6538
6537
6536
6535
6534
6533
6532
6531
6530
6529
6528
6527
6526
6525
6524
6523
6522
6520
6519
6518
6517
6516
6515
6514
6513
6512
6511
6510
6509
6508
6506
6505
6504
6503
6502
6501
6500
6499
6498
6497
6496
6495
6494
6493
6492
6491
6490
6489
6488
6487
6486
6485
6484
6483
6482
6481
6480
6479
6478
6477
6475
6474
6473
6472
6471
6470
6469
6468
6467
6466
6465
6464
6463
6462
6461
6460
6459
6458
6456
6455
6454
6453
6452
6451
6450
6449
6448
6447
6446
6445
6444
6443
6442
6441
6440
6439
6438
6436
6435
6434
6433
6432
6431
6430
6429
6428
6427
6426
6425
6424
6422
6421
6420
6419
6418
6417
6416
6415
6414
6413
6412
6411
6410
6409
6408
6407
6406
6405
6404
6403
6402
6401
6400
6399
6398
6397
6396
6395
6394
6393
6392
6391
6390
6389
6388
6387
6386
6385
6384
6383
6382
6381
6380
6379
6378
6377
6376
6375
6374
6373
6372
6370
6369
6368
6367
6366
6365
6364
6363
6362
6361
6360
6359
6358
6357
6356
6355
6354
6353
6351
6350
6349
6348
6347
6346
6345
6344
6343
6342
6341
6340
6339
6338
6337
6336
6335
6334
6333
6331
6330
6329
6328
6327
6326
6325
6324
6323
6322
6321
6320
6319
6318
6316
6314
6311
6310
6309
6308
6307
6306
6305
6304
6303
6302
6301
6300
6299
6298
6297
6296
6295
6294
6293
6292
6291
6290
6289
6288
6287
6286
6285
6284
6283
6282
6281
6280
6279
6278
6277
6276
6275
6274
6273
6272
6271
6270
6269
6268
6267
6266
6265
6264
6263
6262
6261
6260
6259
6258
6257
6256
6254
6253
6252
6251
6250
6249
6248
6247
6246
6245
6244
6243
6242
6240
6239
6238
6237
6236
6235
6234
6233
6232
6231
6230
6229
6228
6227
6225
6223
6220
6219
6218
6217
6216
6215
6214
6213
6212
6211
6210
6209
6208
6207
6206
6205
6204
6203
6202
6201
6200
6199
6198
6197
6196
6195
6194
6193
6192
6191
6190
6189
6188
6187
6186
6185
6184
6183
6182
6181
6180
6179
6178
6177
6176
6175
6174
6173
6172
6171
6170
6169
6168
6167
6166
6164
6163
6162
6161
6160
6159
6158
6157
6156
6155
6154
6153
6152
6151
6150
6149
6148
6147
6145
6144
6143
6142
6141
6140
6139
6138
6137
6136
6135
6134
6133
6132
6131
6130
6129
6128
6127
6125
6124
6123
6122
6121
6120
6119
6118
6117
6116
6115
6114
6113
6112
6110
6108
6105
6104
6103
6102
6101
6100
6099
6098
6097
6096
6095
6094
6093
6092
6091
6090
6089
6088
6087
6086
6085
6084
6083
6082
6081
6080
6079
6078
6077
6076
6075
6074
6073
6072
6071
6070
6069
6068
6067
6066
6065
6064
6063
6062
6061
6060
6059
6058
6057
6056
6055
6054
6053
6052
6051
6050
6049
6048
6041
6040
6039
6038
6037
6036
6034
6033
6032
6031
6030
6029
6028
6027
6026
6025
6024
6023
6022
6021
6019
6017
6014
6013
6012
6011
6010
6009
6008
6007
6006
6005
6004
6003
6002
6001
6000
5999
5998
5997
5996
5995
5994
5993
5992
5991
5990
5989
5988
5987
5986
5985
5984
5983
5982
5981
5980
5979
5978
5977
5976
5975
5974
5973
5972
5971
5970
5969
5968
5967
5966
5965
5964
5963
5962
5961
5960
5959
5958
5957
5956
5955
5954
5953
5952
5951
5950
5949
5948
5947
5945
5944
5943
5942
5941
5940
5939
5938
5937
5936
5935
5934
5933
5932
5931
5930
5929
5928
5926
5925
5924
5923
5922
5921
5920
5919
5918
5917
5916
5915
5914
5913
5912
5911
5910
5909
5908
5906
5905
5904
5903
5902
5901
5900
5899
5898
5897
5896
5895
5894
5893
5891
5889
5886
5885
5884
5883
5882
5881
5880
5879
5878
5877
5876
5875
5874
5873
5872
5871
5870
5869
5868
5867
5866
5865
5864
5863
5862
5861
5860
5859
5858
5857
5856
5855
5854
5853
5852
5851
5850
5849
5848
5847
5846
5845
5844
5843
5842
5841
5840
5839
5838
5837
5836
5835
5834
5833
5832
5831
5830
5829
5828
5827
5826
5825
5824
5823
5822
5821
5820
5819
5818
5817
5816
5815
5813
5812
5811
5810
5809
5808
5807
5806
5805
5804
5803
5802
5801
5800
5799
5798
5797
5796
5795
5793
5792
5791
5790
5789
5788
5787
5786
5785
5784
5783
5782
5781
5780
5779
5778
5777
5776
5775
5773
5772
5771
5770
5769
5768
5767
5766
5765
5764
5763
5762
5761
5760
5759
5758
5757
5756
5755
5753
5752
5751
5750
5749
5748
5747
5746
5745
5744
5743
5742
5741
5740
5738
5736
5733
5732
5731
5730
5729
5728
5727
5726
5725
5724
5723
5722
5721
5720
5719
5718
5717
5716
5715
5714
5713
5712
5711
5710
5709
5708
5707
5706
5705
5704
5703
5699
5695
5691
5687
5683
5679
5675
5671
5667
5663
5659
5655
5651
5647
5643
5639
5635
5631
5627
5623
5619
5615
5611
5607
5603
5599
5595
5591
5582
5573
5564
5551
5542
5533
5524
5515
5506
5497
5488
5479
5470
5461
5452
5443
5434
5430
5428
5426
5424
5422
5420
5418
5416
5414
5412
5410
5408
5406
5404
5403
5402
5401
5400
5399
5398
5397
5396
5395
5394
5393
5392
5391
5390
5389
5388
5387
5386
5385
5384
5383
5382
5381
5380
5379
5378
5377
5376
5375
5374
5373
5372
5371
5370
5369
5368
5367
5366
5365
5364
5363
5362
5361
5360
5359
5358
5357
5356
5355
5354
5353
5352
5351
5350
5349
5348
5347
5346
5345
5344
5343
5342
5341
5340
5339
5338
5337
5336
5335
5334
5333
5332
5331
5330
5329
5328
5327
5326
5325
5324
5323
5321
5320
5319
5318
5317
5316
5315
5314
5313
5312
5311
5310
5309
5308
5307
5306
5305
5304
5303
5301
5300
5299
5298
5297
5296
5295
5294
5293
5292
5291
5290
5289
5288
5287
5286
5285
5284
5283
5281
5280
5279
5278
5277
5276
5275
5274
5273
5272
5271
5270
5269
5268
5267
5266
5265
5264
5263
5261
5260
5259
5258
5257
5256
5255
5254
5253
5252
5251
5250
5249
5248
5246
5244
5241
5240
5239
5238
5237
5236
5235
5234
5233
5232
5231
5230
5229
5228
5227
5226
5225
5224
5223
5222
5221
5220
5219
5218
5217
5216
5215
5214
5213
5212
5211
5207
5203
5199
5195
5191
5187
5183
5179
5175
5171
5167
5163
5159
5155
5151
5147
5143
5139
5135
5131
5127
5123
5119
5115
5111
5107
5103
5099
5090
5081
5072
5063
5052
5051
5050
5049
5048
5047
5046
5045
5044
5043
5042
5041
5040
5038
5037
5036
5035
5034
5033
5032
5031
5030
5029
5028
5027
5026
5025
5023
5021
5018
5017
5016
5015
5014
5013
5012
5011
5010
5009
5008
5007
5006
5005
5004
5003
5002
5000
4991
4982
4973
4964
4955
4953
4951
4949
4947
4945
4943
4941
4939
4937
4935
4933
4931
4929
4927
4926
4925
4924
4923
4922
4921
4920
4919
4918
4917
4916
4915
4914
4913
4912
4911
4910
4909
4908
4907
4906
4905
4904
4903
4902
4901
4900
4899
4898
4897
4896
4895
4894
4893
4892
4891
4890
4889
4888
4887
4886
4885
4884
4883
4882
4881
4880
4879
4878
4877
4876
4875
4874
4873
4872
4871
4870
4869
4868
4867
4866
4865
4864
4863
4862
4861
4860
4859
4858
4857
4856
4855
4854
4853
4852
4851
4850
4849
4848
4847
4846
4844
4843
4842
4841
4840
4839
4838
4837
4836
4835
4834
4833
4832
4831
4830
4829
4828
4827
4826
4824
4823
4822
4821
4820
4819
4818
4817
4816
4815
4814
4813
4812
4811
4810
4809
4808
4807
4806
4804
4803
4802
4801
4800
4799
4798
4797
4796
4795
4794
4793
4792
4791
4790
4789
4788
4787
4786
4784
4783
4782
4781
4780
4779
4778
4777
4776
4775
4774
4773
4772
4771
4769
4766
4764
4763
4762
4761
4760
4759
4758
4757
4756
4755
4754
4753
4752
4751
4750
4749
4748
4747
4746
4745
4744
4743
4742
4741
4740
4739
4738
4737
4736
4735
4734
4730
4726
4722
4718
4714
4710
4706
4702
4698
4694
4690
4686
4682
4678
4674
4670
4666
4662
4658
4654
4650
4646
4642
4638
4634
4630
4626
4622
4613
4604
4595
4586
4574
4573
4572
4571
4570
4569
4568
4567
4566
4565
4564
4563
4561
4560
4559
4558
4557
4556
4555
4554
4553
4552
4551
4550
4549
4548
4546
4543
4541
4540
4539
4538
4537
4536
4535
4534
4533
4532
4531
4530
4529
4528
4527
4526
4525
4523
4522
4521
4520
4519
4518
4517
4516
4515
4514
4513
4512
4511
4510
4509
4508
4507
4506
4505
4504
4503
4502
4501
4500
4499
4498
4497
4496
4495
4494
4492
4491
4490
4489
4488
4487
4486
4485
4484
4483
4482
4481
4480
4479
4478
4477
4476
4475
4474
4472
4471
4470
4469
4468
4467
4466
4465
4464
4463
4462
4461
4460
4459
4458
4457
4456
4455
4454
4452
4451
4450
4449
4448
4447
4446
4445
4444
4443
4442
4441
4440
4439
4438
4437
4436
4435
4434
4432
4431
4430
4429
4428
4427
4426
4425
4424
4423
4422
4421
4420
4419
4417
4415
4412
4411
4410
4409
4408
4407
4406
4405
4404
4403
4402
4401
4400
4399
4398
4397
4396
4395
4394
4393
4392
4391
4390
4389
4388
4387
4386
4385
4384
4383
4382
4378
4374
4370
4366
4362
4358
4354
4350
4346
4342
4338
4334
4330
4326
4322
4318
4314
4310
4306
4302
4298
4294
4290
4286
4282
4278
4274
4270
4261
4252
4243
4230
4221
4212
4203
4194
4185
4176
4167
4158
4149
4140
4131
4122
4113
4109
4107
4105
4103
4101
4099
4097
4095
4093
4091
4089
4087
4085
4083
4082
4081
4080
4079
4078
4077
4076
4075
4074
4073
4072
4071
4070
4069
4068
4067
4066
4065
4064
4063
4062
4061
4060
4059
4058
4057
4056
4055
4054
4053
4052
4051
4050
4049
4048
4047
4046
4045
4044
4043
4042
4041
4040
4039
4038
4037
4036
4035
4034
4033
4032
4031
4030
4029
4028
4027
4026
4025
4024
4023
4022
4021
4020
4019
4018
4017
4016
4015
4014
4013
4012
4011
4010
4009
4008
4007
4006
4005
4004
4003
4002
4000
3999
3998
3997
3996
3995
3994
3993
3992
3991
3990
3989
3988
3987
3986
3985
3984
3983
3982
3980
3979
3978
3977
3976
3975
3974
3973
3972
3971
3970
3969
3968
3967
3966
3965
3964
3963
3962
3960
3959
3958
3957
3956
3955
3954
3953
3952
3951
3950
3949
3948
3947
3946
3945
3944
3943
3942
3940
3939
3938
3937
3936
3935
3934
3933
3932
3931
3930
3929
3928
3927
3925
3923
3920
3919
3918
3917
3916
3915
3914
3913
3912
3911
3910
3909
3908
3907
3906
3905
3904
3903
3902
3901
3900
3899
3898
3897
3896
3895
3894
3893
3892
3891
3890
3886
3882
3878
3874
3870
3866
3862
3858
3854
3850
3846
3842
3838
3834
3830
3826
3822
3818
3814
3810
3806
3802
3798
3794
3790
3786
3782
3778
3769
3760
3751
3742
3731
3730
3729
3728
3727
3726
3725
3724
3723
3722
3721
3720
3719
3717
3716
3715
3714
3713
3712
3711
3710
3709
3708
3707
3706
3705
3704
3702
3699
3697
3696
3695
3694
3693
3692
3691
3690
3689
3688
3687
3686
3685
3684
3683
3682
3681
3679
3678
3677
3676
3675
3674
3673
3672
3671
3670
3669
3668
3667
3666
3665
3664
3663
3662
3661
3660
3659
3658
3657
3656
3655
3654
3653
3652
3651
3650
3648
3647
3646
3645
3644
3643
3642
3641
3640
3639
3638
3637
3636
3635
3634
3633
3632
3631
3630
3628
3627
3626
3625
3624
3623
3622
3621
3620
3619
3618
3617
3616
3615
3614
3613
3612
3611
3610
3608
3607
3606
3605
3604
3603
3602
3601
3600
3599
3598
3597
3596
3595
3594
3593
3592
3591
3590
3588
3587
3586
3585
3584
3583
3582
3581
3580
3579
3578
3577
3576
3575
3573
3571
3568
3567
3566
3565
3564
3563
3562
3561
3560
3559
3558
3557
3556
3555
3554
3553
3552
3551
3550
3549
3548
3547
3546
3545
3544
3543
3542
3541
3540
3539
3538
3534
3530
3526
3522
3518
3514
3510
3506
3502
3498
3494
3490
3486
3482
3478
3474
3470
3466
3462
3458
3454
3450
3446
3442
3438
3434
3430
3426
3417
3408
3399
3386
3377
3368
3359
3350
3341
3332
3323
3314
3305
3296
3287
3278
3269
3265
3263
3261
3259
3257
3255
3253
3251
3249
3247
3245
3243
3241
3239
3238
3237
3236
3235
3234
3233
3232
3231
3230
3229
3228
3227
3226
3225
3224
3223
3222
3221
3220
3219
3218
3217
3216
3215
3214
3213
3212
3211
3210
3209
3208
3207
3206
3205
3204
3203
3202
3201
3200
3199
3198
3197
3196
3195
3194
3193
3192
3191
3190
3189
3188
3187
3186
3185
3184
3183
3182
3181
3180
3179
3178
3177
3176
3175
3174
3173
3172
3171
3170
3169
3168
3167
3166
3165
3164
3163
3162
3161
3160
3159
3158
3156
3155
3154
3153
3152
3151
3150
3149
3148
3147
3146
3145
3144
3143
3142
3141
3140
3139
3138
3136
3135
3134
3133
3132
3131
3130
3129
3128
3127
3126
3125
3124
3123
3122
3121
3120
3119
3118
3116
3115
3114
3113
3112
3111
3110
3109
3108
3107
3106
3105
3104
3103
3102
3101
3100
3099
3098
3096
3095
3094
3093
3092
3091
3090
3089
3088
3087
3086
3085
3084
3083
3081
3079
3076
3075
3074
3073
3072
3071
3070
3069
3068
3067
3066
3065
3064
3063
3062
3061
3060
3059
3058
3057
3056
3055
3054
3053
3052
3051
3050
3049
3048
3047
3046
3042
3038
3034
3030
3026
3022
3018
3014
3010
3006
3002
2998
2994
2990
2986
2982
2978
2974
2970
2966
2962
2958
2954
2950
2946
2942
2938
2934
2925
2916
2907
2898
2887
2886
2885
2884
2883
2882
2881
2880
2879
2878
2877
2876
2875
2873
2872
2871
2870
2869
2868
2867
2866
2865
2864
2863
2862
2861
2860
2858
2856
2853
2852
2851
2850
2849
2848
2847
2846
2845
2844
2843
2842
2841
2840
2839
2838
2837
2836
2835
2834
2833
2832
2831
2830
2829
2828
2827
2826
2825
2824
2823
2822
2821
2820
2819
2818
2817
2816
2815
2814
2813
2812
2811
2810
2809
2808
2807
2806
2804
2803
2802
2801
2800
2799
2798
2797
2796
2795
2794
2793
2792
2791
2790
2789
2788
2787
2786
2784
2783
2782
2781
2780
2779
2778
2777
2776
2775
2774
2773
2772
2771
2770
2769
2768
2767
2766
2764
2763
2762
2761
2760
2759
2758
2757
2756
2755
2754
2753
2752
2751
2750
2749
2748
2747
2746
2744
2743
2742
2741
2740
2739
2738
2737
2736
2735
2734
2733
2732
2731
2729
2727
2724
2723
2722
2721
2720
2719
2718
2717
2716
2715
2714
2713
2712
2711
2710
2709
2708
2707
2706
2705
2704
2703
2702
2701
2700
2699
2698
2697
2696
2695
2694
2690
2686
2682
2678
2674
2670
2666
2662
2658
2654
2650
2646
2642
2638
2634
2630
2626
2622
2618
2614
2610
2606
2602
2598
2594
2590
2586
2582
2573
2564
2555
2542
2533
2524
2515
2506
2497
2488
2479
2470
2461
2452
2443
2434
2425
2421
2419
2417
2415
2413
2411
2409
2407
2405
2403
2401
2399
2397
2395
2394
2393
2392
2391
2390
2389
2388
2387
2386
2385
2384
2383
2382
2381
2380
2379
2378
2377
2376
2375
2374
2373
2372
2371
2370
2369
2368
2367
2366
2365
2364
2363
2362
2361
2360
2359
2358
2357
2356
2355
2354
2353
2352
2351
2350
2349
2348
2347
2346
2345
2344
2343
2342
2341
2340
2339
2338
2337
2336
2335
2334
2333
2332
2331
2330
2329
2328
2327
2326
2325
2324
2323
2322
2321
2320
2319
2318
2317
2316
2315
2314
2312
2311
2310
2309
2308
2307
2306
2305
2304
2303
2302
2301
2300
2299
2298
2297
2296
2295
2294
2292
2291
2290
2289
2288
2287
2286
2285
2284
2283
2282
2281
2280
2279
2278
2277
2276
2275
2274
2272
2271
2270
2269
2268
2267
2266
2265
2264
2263
2262
2261
2260
2259
2258
2257
2256
2255
2254
2252
2251
2250
2249
2248
2247
2246
2245
2244
2243
2242
2241
2240
2239
2237
2235
2232
2231
2230
2229
2228
2227
2226
2225
2224
2223
2222
2221
2220
2219
2218
2217
2216
2215
2214
2213
2212
2211
2210
2209
2208
2207
2206
2205
2204
2203
2202
2198
2194
2190
2186
2182
2178
2174
2170
2166
2162
2158
2154
2150
2146
2142
2138
2134
2130
2126
2122
2118
2114
2110
2106
2102
2098
2094
2090
2081
2072
2063
2054
2043
2042
2041
2040
2039
2038
2037
2036
2035
2034
2033
2032
2031
2029
2028
2027
2026
2025
2024
2023
2022
2021
2020
2019
2018
2017
2016
2014
2012
2009
2008
2007
2006
2005
2004
2003
2002
2001
2000
1999
1998
1997
1996
1995
1994
1993
1992
1991
1990
1989
1988
1987
1986
1985
1984
1983
1982
1981
1980
1979
1978
1977
1976
1975
1974
1973
1972
1971
1970
1969
1968
1967
1966
1965
1964
1963
1962
1960
1959
1958
1957
1956
1955
1954
1953
1952
1951
1950
1949
1948
1947
1946
1945
1944
1943
1942
1940
1939
1938
1937
1936
1935
1934
1933
1932
1931
1930
1929
1928
1927
1926
1925
1924
1923
1922
1920
1919
1918
1917
1916
1915
1914
1913
1912
1911
1910
1909
1908
1907
1906
1905
1904
1903
1902
1900
1899
1898
1897
1896
1895
1894
1893
1892
1891
1890
1889
1888
1887
1885
1883
1880
1879
1878
1877
1876
1875
1874
1873
1872
1871
1870
1869
1868
1867
1866
1865
1864
1863
1862
1861
1860
1859
1858
1857
1856
1855
1854
1853
1852
1851
1850
1846
1842
1838
1834
1830
1826
1822
1818
1814
1810
1806
1802
1798
1794
1790
1786
1782
1778
1774
1770
1766
1762
1758
1754
1750
1746
1742
1738
1729
1720
1711
1698
1689
1680
1671
1662
1653
1644
1635
1626
1617
1608
1599
1590
1581
1577
1575
1573
1571
1569
1567
1565
1563
1561
1559
1557
1555
1553
1551
1550
1549
1548
1547
1546
1545
1544
1543
1542
1541
1540
1539
1538
1537
1536
1535
1534
1533
1532
1531
1530
1529
1528
1527
1526
1525
1524
1523
1522
1521
1520
1519
1518
1517
1516
1515
1514
1513
1512
1511
1510
1509
1508
1507
1506
1505
1504
1503
1502
1501
1500
1499
1498
1497
1496
1495
1494
1493
1492
1491
1490
1489
1488
1487
1486
1485
1484
1483
1482
1481
1480
1479
1478
1477
1476
1475
1474
1473
1472
1471
1470
1468
1467
1466
1465
1464
1463
1462
1461
1460
1459
1458
1457
1456
1455
1454
1453
1452
1451
1450
1448
1447
1446
1445
1444
1443
1442
1441
1440
1439
1438
1437
1436
1435
1434
1433
1432
1431
1430
1428
1427
1426
1425
1424
1423
1422
1421
1420
1419
1418
1417
1416
1415
1414
1413
1412
1411
1410
1408
1407
1406
1405
1404
1403
1402
1401
1400
1399
1398
1397
1396
1395
1393
1391
1388
1387
1386
1385
1384
1383
1382
1381
1380
1379
1378
1377
1376
1375
1374
1373
1372
1371
1370
1369
1368
1367
1366
1365
1364
1363
1362
1361
1360
1359
1358
1354
1350
1346
1342
1338
1334
1330
1326
1322
1318
1314
1310
1306
1302
1298
1294
1290
1286
1282
1278
1274
1270
1266
1262
1258
1254
1250
1246
1237
1228
1219
1210
1199
1198
1197
1196
1195
1194
1193
1192
1191
1190
1189
1188
1187
1185
1184
1183
1182
1181
1180
1179
1178
1177
1176
1175
1174
1173
1172
1170
1168
1165
1164
1163
1162
1161
1160
1159
1158
1157
1156
1155
1154
1153
1152
1151
1150
1149
1148
1147
1146
1145
1144
1143
1142
1141
1140
1139
1138
1137
1136
1135
1134
1133
1132
1131
1130
1129
1128
1127
1126
1125
1124
1123
1122
1121
1120
1119
1118
1116
1115
1114
1113
1112
1111
1110
1109
1108
1107
1106
1105
1104
1103
1102
1101
1100
1099
1098
1096
1095
1094
1093
1092
1091
1090
1089
1088
1087
1086
1085
1084
1083
1082
1081
1080
1079
1078
1076
1075
1074
1073
1072
1071
1070
1069
1068
1067
1066
1065
1064
1063
1062
1061
1060
1059
1058
1056
1055
1054
1053
1052
1051
1050
1049
1048
1047
1046
1045
1044
1043
1041
1039
1036
1035
1034
1033
1032
1031
1030
1029
1028
1027
1026
1025
1024
1023
1022
1021
1020
1019
1018
1017
1016
1015
1014
1013
1012
1011
1010
1009
1008
1007
1006
1002
998
994
990
986
982
978
974
970
966
962
958
954
950
946
942
938
934
930
926
922
918
914
910
906
902
898
894
885
876
867
854
845
836
827
818
809
800
791
782
773
764
755
746
737
733
731
729
727
725
723
721
719
717
715
713
711
709
707
706
705
704
703
702
701
700
699
698
697
696
695
694
693
692
691
690
689
688
687
686
685
684
683
682
681
680
679
678
677
676
675
674
673
672
671
670
669
668
667
666
665
664
663
662
661
660
659
658
657
656
655
654
653
652
651
650
649
648
647
646
645
644
643
642
641
640
639
638
637
636
635
634
633
632
631
630
629
628
627
626
624
623
622
621
620
619
618
617
616
615
614
613
612
611
610
609
608
607
606
604
603
602
601
600
599
598
597
596
595
594
593
592
591
590
589
588
587
586
584
583
582
581
580
579
578
577
576
575
574
573
572
571
570
569
568
567
566
564
563
562
561
560
559
558
557
556
555
554
553
552
551
549
547
544
543
542
541
540
539
538
537
536
535
534
533
532
531
530
529
528
527
526
525
524
523
522
521
520
519
518
517
516
515
514
510
506
502
498
494
490
486
482
478
474
470
466
462
458
454
450
446
442
438
434
430
426
422
418
414
410
406
402
393
384
375
366
355
354
353
352
351
350
349
348
347
346
345
344
343
341
340
339
338
337
336
335
334
333
332
331
330
329
328
326
324
321
320
319
318
317
316
315
314
313
312
311
310
309
308
307
306
305
304
303
302
301
300
299
298
297
296
295
294
293
292
291
290
289
288
287
286
285
284
283
282
281
280
279
278
277
276
275
274
272
271
270
269
268
267
266
265
264
263
262
261
260
259
258
257
256
255
254
252
251
250
249
248
247
246
245
244
243
242
241
240
239
238
237
236
235
234
232
231
230
229
228
227
226
225
224
223
222
221
220
219
218
217
216
215
214
212
211
210
209
208
207
206
205
204
203
202
201
200
199
197
195
192
191
190
189
188
187
186
185
184
183
182
181
180
179
178
177
176
175
174
173
172
171
170
169
168
167
166
165
164
163
162
158
154
150
146
142
138
134
130
126
122
118
114
110
106
102
98
94
90
86
82
78
74
70
66
62
58
54
50
41
32
23
10
1
