246
500
491
482
473
464
455
446
437
428
419
410
401
392
383
379
377
375
373
371
369
367
365
363
361
359
357
355
353
352
351
350
349
348
347
346
345
344
343
342
341
340
339
338
337
336
335
334
333
332
331
330
329
328
327
326
325
324
323
322
321
320
319
318
317
316
315
314
313
312
311
310
309
308
307
306
305
304
303
302
301
300
299
298
297
296
295
294
293
292
291
290
289
288
287
286
285
284
283
282
281
280
279
278
277
276
275
274
273
272
270
269
268
267
266
265
264
263
262
261
260
259
258
257
256
255
254
253
252
250
249
248
247
246
245
244
243
242
241
240
239
238
237
236
235
234
233
232
230
229
228
227
226
225
224
223
222
221
220
219
218
217
216
215
214
213
212
210
209
208
207
206
205
204
203
202
201
200
199
198
197
195
193
190
189
188
187
186
185
184
183
182
181
180
179
178
177
176
175
174
173
172
171
170
169
168
167
166
165
164
163
162
161
160
156
152
148
144
140
136
132
128
124
120
116
112
108
104
100
96
92
88
84
80
76
72
68
64
60
56
52
48
39
30
21
12
1
