2733
5000
4991
4982
4973
4964
4955
4953
4951
4949
4947
4945
4943
4941
4939
4937
4935
4933
4931
4929
4927
4926
4925
4924
4923
4922
4921
4920
4919
4918
4917
4916
4915
4914
4913
4912
4911
4910
4909
4908
4907
4906
4905
4904
4903
4902
4901
4900
4899
4898
4897
4896
4895
4894
4893
4892
4891
4890
4889
4888
4887
4886
4885
4884
4883
4882
4881
4880
4879
4878
4877
4876
4875
4874
4873
4872
4871
4870
4869
4868
4867
4866
4865
4864
4863
4862
4861
4860
4859
4858
4857
4856
4855
4854
4853
4852
4851
4850
4849
4848
4847
4846
4844
4843
4842
4841
4840
4839
4838
4837
4836
4835
4834
4833
4832
4831
4830
4829
4828
4827
4826
4824
4823
4822
4821
4820
4819
4818
4817
4816
4815
4814
4813
4812
4811
4810
4809
4808
4807
4806
4804
4803
4802
4801
4800
4799
4798
4797
4796
4795
4794
4793
4792
4791
4790
4789
4788
4787
4786
4784
4783
4782
4781
4780
4779
4778
4777
4776
4775
4774
4773
4772
4771
4769
4766
4764
4763
4762
4761
4760
4759
4758
4757
4756
4755
4754
4753
4752
4751
4750
4749
4748
4747
4746
4745
4744
4743
4742
4741
4740
4739
4738
4737
4736
4735
4734
4730
4726
4722
4718
4714
4710
4706
4702
4698
4694
4690
4686
4682
4678
4674
4670
4666
4662
4658
4654
4650
4646
4642
4638
4634
4630
4626
4622
4613
4604
4595
4586
4574
4573
4572
4571
4570
4569
4568
4567
4566
4565
4564
4563
4561
4560
4559
4558
4557
4556
4555
4554
4553
4552
4551
4550
4549
4548
4546
4543
4541
4540
4539
4538
4537
4536
4535
4534
4533
4532
4531
4530
4529
4528
4527
4526
4525
4523
4522
4521
4520
4519
4518
4517
4516
4515
4514
4513
4512
4511
4510
4509
4508
4507
4506
4505
4504
4503
4502
4501
4500
4499
4498
4497
4496
4495
4494
4492
4491
4490
4489
4488
4487
4486
4485
4484
4483
4482
4481
4480
4479
4478
4477
4476
4475
4474
4472
4471
4470
4469
4468
4467
4466
4465
4464
4463
4462
4461
4460
4459
4458
4457
4456
4455
4454
4452
4451
4450
4449
4448
4447
4446
4445
4444
4443
4442
4441
4440
4439
4438
4437
4436
4435
4434
4432
4431
4430
4429
4428
4427
4426
4425
4424
4423
4422
4421
4420
4419
4417
4415
4412
4411
4410
4409
4408
4407
4406
4405
4404
4403
4402
4401
4400
4399
4398
4397
4396
4395
4394
4393
4392
4391
4390
4389
4388
4387
4386
4385
4384
4383
4382
4378
4374
4370
4366
4362
4358
4354
4350
4346
4342
4338
4334
4330
4326
4322
4318
4314
4310
4306
4302
4298
4294
4290
4286
4282
4278
4274
4270
4261
4252
4243
4230
4221
4212
4203
4194
4185
4176
4167
4158
4149
4140
4131
4122
4113
4109
4107
4105
4103
4101
4099
4097
4095
4093
4091
4089
4087
4085
4083
4082
4081
4080
4079
4078
4077
4076
4075
4074
4073
4072
4071
4070
4069
4068
4067
4066
4065
4064
4063
4062
4061
4060
4059
4058
4057
4056
4055
4054
4053
4052
4051
4050
4049
4048
4047
4046
4045
4044
4043
4042
4041
4040
4039
4038
4037
4036
4035
4034
4033
4032
4031
4030
4029
4028
4027
4026
4025
4024
4023
4022
4021
4020
4019
4018
4017
4016
4015
4014
4013
4012
4011
4010
4009
4008
4007
4006
4005
4004
4003
4002
4000
3999
3998
3997
3996
3995
3994
3993
3992
3991
3990
3989
3988
3987
3986
3985
3984
3983
3982
3980
3979
3978
3977
3976
3975
3974
3973
3972
3971
3970
3969
3968
3967
3966
3965
3964
3963
3962
3960
3959
3958
3957
3956
3955
3954
3953
3952
3951
3950
3949
3948
3947
3946
3945
3944
3943
3942
3940
3939
3938
3937
3936
3935
3934
3933
3932
3931
3930
3929
3928
3927
3925
3923
3920
3919
3918
3917
3916
3915
3914
3913
3912
3911
3910
3909
3908
3907
3906
3905
3904
3903
3902
3901
3900
3899
3898
3897
3896
3895
3894
3893
3892
3891
3890
3886
3882
3878
3874
3870
3866
3862
3858
3854
3850
3846
3842
3838
3834
3830
3826
3822
3818
3814
3810
3806
3802
3798
3794
3790
3786
3782
3778
3769
3760
3751
3742
3731
3730
3729
3728
3727
3726
3725
3724
3723
3722
3721
3720
3719
3717
3716
3715
3714
3713
3712
3711
3710
3709
3708
3707
3706
3705
3704
3702
3699
3697
3696
3695
3694
3693
3692
3691
3690
3689
3688
3687
3686
3685
3684
3683
3682
3681
3679
3678
3677
3676
3675
3674
3673
3672
3671
3670
3669
3668
3667
3666
3665
3664
3663
3662
3661
3660
3659
3658
3657
3656
3655
3654
3653
3652
3651
3650
3648
3647
3646
3645
3644
3643
3642
3641
3640
3639
3638
3637
3636
3635
3634
3633
3632
3631
3630
3628
3627
3626
3625
3624
3623
3622
3621
3620
3619
3618
3617
3616
3615
3614
3613
3612
3611
3610
3608
3607
3606
3605
3604
3603
3602
3601
3600
3599
3598
3597
3596
3595
3594
3593
3592
3591
3590
3588
3587
3586
3585
3584
3583
3582
3581
3580
3579
3578
3577
3576
3575
3573
3571
3568
3567
3566
3565
3564
3563
3562
3561
3560
3559
3558
3557
3556
3555
3554
3553
3552
3551
3550
3549
3548
3547
3546
3545
3544
3543
3542
3541
3540
3539
3538
3534
3530
3526
3522
3518
3514
3510
3506
3502
3498
3494
3490
3486
3482
3478
3474
3470
3466
3462
3458
3454
3450
3446
3442
3438
3434
3430
3426
3417
3408
3399
3386
3377
3368
3359
3350
3341
3332
3323
3314
3305
3296
3287
3278
3269
3265
3263
3261
3259
3257
3255
3253
3251
3249
3247
3245
3243
3241
3239
3238
3237
3236
3235
3234
3233
3232
3231
3230
3229
3228
3227
3226
3225
3224
3223
3222
3221
3220
3219
3218
3217
3216
3215
3214
3213
3212
3211
3210
3209
3208
3207
3206
3205
3204
3203
3202
3201
3200
3199
3198
3197
3196
3195
3194
3193
3192
3191
3190
3189
3188
3187
3186
3185
3184
3183
3182
3181
3180
3179
3178
3177
3176
3175
3174
3173
3172
3171
3170
3169
3168
3167
3166
3165
3164
3163
3162
3161
3160
3159
3158
3156
3155
3154
3153
3152
3151
3150
3149
3148
3147
3146
3145
3144
3143
3142
3141
3140
3139
3138
3136
3135
3134
3133
3132
3131
3130
3129
3128
3127
3126
3125
3124
3123
3122
3121
3120
3119
3118
3116
3115
3114
3113
3112
3111
3110
3109
3108
3107
3106
3105
3104
3103
3102
3101
3100
3099
3098
3096
3095
3094
3093
3092
3091
3090
3089
3088
3087
3086
3085
3084
3083
3081
3079
3076
3075
3074
3073
3072
3071
3070
3069
3068
3067
3066
3065
3064
3063
3062
3061
3060
3059
3058
3057
3056
3055
3054
3053
3052
3051
3050
3049
3048
3047
3046
3042
3038
3034
3030
3026
3022
3018
3014
3010
3006
3002
2998
2994
2990
2986
2982
2978
2974
2970
2966
2962
2958
2954
2950
2946
2942
2938
2934
2925
2916
2907
2898
2887
2886
2885
2884
2883
2882
2881
2880
2879
2878
2877
2876
2875
2873
2872
2871
2870
2869
2868
2867
2866
2865
2864
2863
2862
2861
2860
2858
2856
2853
2852
2851
2850
2849
2848
2847
2846
2845
2844
2843
2842
2841
2840
2839
2838
2837
2836
2835
2834
2833
2832
2831
2830
2829
2828
2827
2826
2825
2824
2823
2822
2821
2820
2819
2818
2817
2816
2815
2814
2813
2812
2811
2810
2809
2808
2807
2806
2804
2803
2802
2801
2800
2799
2798
2797
2796
2795
2794
2793
2792
2791
2790
2789
2788
2787
2786
2784
2783
2782
2781
2780
2779
2778
2777
2776
2775
2774
2773
2772
2771
2770
2769
2768
2767
2766
2764
2763
2762
2761
2760
2759
2758
2757
2756
2755
2754
2753
2752
2751
2750
2749
2748
2747
2746
2744
2743
2742
2741
2740
2739
2738
2737
2736
2735
2734
2733
2732
2731
2729
2727
2724
2723
2722
2721
2720
2719
2718
2717
2716
2715
2714
2713
2712
2711
2710
2709
2708
2707
2706
2705
2704
2703
2702
2701
2700
2699
2698
2697
2696
2695
2694
2690
2686
2682
2678
2674
2670
2666
2662
2658
2654
2650
2646
2642
2638
2634
2630
2626
2622
2618
2614
2610
2606
2602
2598
2594
2590
2586
2582
2573
2564
2555
2542
2533
2524
2515
2506
2497
2488
2479
2470
2461
2452
2443
2434
2425
2421
2419
2417
2415
2413
2411
2409
2407
2405
2403
2401
2399
2397
2395
2394
2393
2392
2391
2390
2389
2388
2387
2386
2385
2384
2383
2382
2381
2380
2379
2378
2377
2376
2375
2374
2373
2372
2371
2370
2369
2368
2367
2366
2365
2364
2363
2362
2361
2360
2359
2358
2357
2356
2355
2354
2353
2352
2351
2350
2349
2348
2347
2346
2345
2344
2343
2342
2341
2340
2339
2338
2337
2336
2335
2334
2333
2332
2331
2330
2329
2328
2327
2326
2325
2324
2323
2322
2321
2320
2319
2318
2317
2316
2315
2314
2312
2311
2310
2309
2308
2307
2306
2305
2304
2303
2302
2301
2300
2299
2298
2297
2296
2295
2294
2292
2291
2290
2289
2288
2287
2286
2285
2284
2283
2282
2281
2280
2279
2278
2277
2276
2275
2274
2272
2271
2270
2269
2268
2267
2266
2265
2264
2263
2262
2261
2260
2259
2258
2257
2256
2255
2254
2252
2251
2250
2249
2248
2247
2246
2245
2244
2243
2242
2241
2240
2239
2237
2235
2232
2231
2230
2229
2228
2227
2226
2225
2224
2223
2222
2221
2220
2219
2218
2217
2216
2215
2214
2213
2212
2211
2210
2209
2208
2207
2206
2205
2204
2203
2202
2198
2194
2190
2186
2182
2178
2174
2170
2166
2162
2158
2154
2150
2146
2142
2138
2134
2130
2126
2122
2118
2114
2110
2106
2102
2098
2094
2090
2081
2072
2063
2054
2043
2042
2041
2040
2039
2038
2037
2036
2035
2034
2033
2032
2031
2029
2028
2027
2026
2025
2024
2023
2022
2021
2020
2019
2018
2017
2016
2014
2012
2009
2008
2007
2006
2005
2004
2003
2002
2001
2000
1999
1998
1997
1996
1995
1994
1993
1992
1991
1990
1989
1988
1987
1986
1985
1984
1983
1982
1981
1980
1979
1978
1977
1976
1975
1974
1973
1972
1971
1970
1969
1968
1967
1966
1965
1964
1963
1962
1960
1959
1958
1957
1956
1955
1954
1953
1952
1951
1950
1949
1948
1947
1946
1945
1944
1943
1942
1940
1939
1938
1937
1936
1935
1934
1933
1932
1931
1930
1929
1928
1927
1926
1925
1924
1923
1922
1920
1919
1918
1917
1916
1915
1914
1913
1912
1911
1910
1909
1908
1907
1906
1905
1904
1903
1902
1900
1899
1898
1897
1896
1895
1894
1893
1892
1891
1890
1889
1888
1887
1885
1883
1880
1879
1878
1877
1876
1875
1874
1873
1872
1871
1870
1869
1868
1867
1866
1865
1864
1863
1862
1861
1860
1859
1858
1857
1856
1855
1854
1853
1852
1851
1850
1846
1842
1838
1834
1830
1826
1822
1818
1814
1810
1806
1802
1798
1794
1790
1786
1782
1778
1774
1770
1766
1762
1758
1754
1750
1746
1742
1738
1729
1720
1711
1698
1689
1680
1671
1662
1653
1644
1635
1626
1617
1608
1599
1590
1581
1577
1575
1573
1571
1569
1567
1565
1563
1561
1559
1557
1555
1553
1551
1550
1549
1548
1547
1546
1545
1544
1543
1542
1541
1540
1539
1538
1537
1536
1535
1534
1533
1532
1531
1530
1529
1528
1527
1526
1525
1524
1523
1522
1521
1520
1519
1518
1517
1516
1515
1514
1513
1512
1511
1510
1509
1508
1507
1506
1505
1504
1503
1502
1501
1500
1499
1498
1497
1496
1495
1494
1493
1492
1491
1490
1489
1488
1487
1486
1485
1484
1483
1482
1481
1480
1479
1478
1477
1476
1475
1474
1473
1472
1471
1470
1468
1467
1466
1465
1464
1463
1462
1461
1460
1459
1458
1457
1456
1455
1454
1453
1452
1451
1450
1448
1447
1446
1445
1444
1443
1442
1441
1440
1439
1438
1437
1436
1435
1434
1433
1432
1431
1430
1428
1427
1426
1425
1424
1423
1422
1421
1420
1419
1418
1417
1416
1415
1414
1413
1412
1411
1410
1408
1407
1406
1405
1404
1403
1402
1401
1400
1399
1398
1397
1396
1395
1393
1391
1388
1387
1386
1385
1384
1383
1382
1381
1380
1379
1378
1377
1376
1375
1374
1373
1372
1371
1370
1369
1368
1367
1366
1365
1364
1363
1362
1361
1360
1359
1358
1354
1350
1346
1342
1338
1334
1330
1326
1322
1318
1314
1310
1306
1302
1298
1294
1290
1286
1282
1278
1274
1270
1266
1262
1258
1254
1250
1246
1237
1228
1219
1210
1199
1198
1197
1196
1195
1194
1193
1192
1191
1190
1189
1188
1187
1185
1184
1183
1182
1181
1180
1179
1178
1177
1176
1175
1174
1173
1172
1170
1168
1165
1164
1163
1162
1161
1160
1159
1158
1157
1156
1155
1154
1153
1152
1151
1150
1149
1148
1147
1146
1145
1144
1143
1142
1141
1140
1139
1138
1137
1136
1135
1134
1133
1132
1131
1130
1129
1128
1127
1126
1125
1124
1123
1122
1121
1120
1119
1118
1116
1115
1114
1113
1112
1111
1110
1109
1108
1107
1106
1105
1104
1103
1102
1101
1100
1099
1098
1096
1095
1094
1093
1092
1091
1090
1089
1088
1087
1086
1085
1084
1083
1082
1081
1080
1079
1078
1076
1075
1074
1073
1072
1071
1070
1069
1068
1067
1066
1065
1064
1063
1062
1061
1060
1059
1058
1056
1055
1054
1053
1052
1051
1050
1049
1048
1047
1046
1045
1044
1043
1041
1039
1036
1035
1034
1033
1032
1031
1030
1029
1028
1027
1026
1025
1024
1023
1022
1021
1020
1019
1018
1017
1016
1015
1014
1013
1012
1011
1010
1009
1008
1007
1006
1002
998
994
990
986
982
978
974
970
966
962
958
954
950
946
942
938
934
930
926
922
918
914
910
906
902
898
894
885
876
867
854
845
836
827
818
809
800
791
782
773
764
755
746
737
733
731
729
727
725
723
721
719
717
715
713
711
709
707
706
705
704
703
702
701
700
699
698
697
696
695
694
693
692
691
690
689
688
687
686
685
684
683
682
681
680
679
678
677
676
675
674
673
672
671
670
669
668
667
666
665
664
663
662
661
660
659
658
657
656
655
654
653
652
651
650
649
648
647
646
645
644
643
642
641
640
639
638
637
636
635
634
633
632
631
630
629
628
627
626
624
623
622
621
620
619
618
617
616
615
614
613
612
611
610
609
608
607
606
604
603
602
601
600
599
598
597
596
595
594
593
592
591
590
589
588
587
586
584
583
582
581
580
579
578
577
576
575
574
573
572
571
570
569
568
567
566
564
563
562
561
560
559
558
557
556
555
554
553
552
551
549
547
544
543
542
541
540
539
538
537
536
535
534
533
532
531
530
529
528
527
526
525
524
523
522
521
520
519
518
517
516
515
514
510
506
502
498
494
490
486
482
478
474
470
466
462
458
454
450
446
442
438
434
430
426
422
418
414
410
406
402
393
384
375
366
355
354
353
352
351
350
349
348
347
346
345
344
343
341
340
339
338
337
336
335
334
333
332
331
330
329
328
326
324
321
320
319
318
317
316
315
314
313
312
311
310
309
308
307
306
305
304
303
302
301
300
299
298
297
296
295
294
293
292
291
290
289
288
287
286
285
284
283
282
281
280
279
278
277
276
275
274
272
271
270
269
268
267
266
265
264
263
262
261
260
259
258
257
256
255
254
252
251
250
249
248
247
246
245
244
243
242
241
240
239
238
237
236
235
234
232
231
230
229
228
227
226
225
224
223
222
221
220
219
218
217
216
215
214
212
211
210
209
208
207
206
205
204
203
202
201
200
199
197
195
192
191
190
189
188
187
186
185
184
183
182
181
180
179
178
177
176
175
174
173
172
171
170
169
168
167
166
165
164
163
162
158
154
150
146
142
138
134
130
126
122
118
114
110
106
102
98
94
90
86
82
78
74
70
66
62
58
54
50
41
32
23
10
1
