232
4524
4525
4526
4527
4528
4529
4608
4622
4627
4632
4637
4642
4647
4652
4657
4662
4667
4672
4677
4682
4687
4692
4697
4702
4707
4712
4717
4722
4727
4732
3688
4735
3689
4736
3690
4737
3691
4738
3692
4739
3693
4740
3694
4741
3695
4742
3696
4743
3697
4744
4745
4746
4747
4748
4749
4750
4751
4752
4753
4754
4755
4756
4757
4758
4759
4760
4761
4762
4763
4764
9781
9782
9783
9784
9785
9786
9787
9788
9789
9790
9791
9792
9793
9794
9795
9796
9797
9798
9799
9800
9801
9803
9805
9807
9809
9811
9813
9815
9817
9819
9821
9823
9825
9827
9829
9831
9832
9833
9834
9835
9836
9837
9838
9839
9840
9841
9842
9843
9844
9845
9846
9847
9848
9849
9850
9851
9852
9853
9854
9855
9856
9857
9858
9859
9860
9861
9862
6310
9864
9866
9868
9870
9872
9874
9876
9878
9880
9882
9884
9886
9888
9890
9896
9906
9916
9926
9936
9946
9956
9966
9976
9986
9996
9162
9516
9526
9536
9206
9211
9560
9565
9570
9575
9580
9585
9590
9595
9600
9605
9610
9615
9460
7772
9628
9633
9638
9643
9648
9653
9658
9663
9668
7779
9671
9469
9672
9470
9673
9471
9674
9472
9675
9473
9676
9474
9677
9475
9678
9476
9679
9477
9680
9681
9682
9683
9684
9685
9686
9687
9688
9689
9690
9691
9692
9693
9694
9695
9696
9697
9698
9699
9700
