152
946
947
948
949
950
951
952
953
954
955
956
957
958
959
960
961
962
963
964
965
966
968
970
972
974
976
978
980
982
984
986
988
990
992
994
996
997
998
999
1000
869
870
871
872
873
874
383
384
385
386
387
388
389
390
391
392
393
394
395
396
397
398
399
400
401
402
403
885
886
407
409
411
413
415
417
419
421
423
425
427
429
431
437
447
457
467
477
487
497
507
517
527
537
547
557
567
577
591
596
601
606
611
616
621
626
631
636
641
646
651
656
661
666
671
676
681
686
691
696
701
206
211
212
213
214
215
216
217
218
219
220
221
222
223
224
225
226
227
228
229
230
231
232
233
234
235
236
237
238
239
240
241
