231
4524
4525
4526
4527
4528
4529
4608
4622
4627
4632
4637
4642
4647
4652
4657
4662
4667
4672
4677
4682
4687
4692
4697
4702
4707
4712
4717
4722
4727
4732
3688
4735
3689
4736
3690
4737
3691
4738
3692
4739
3693
4740
3694
4741
3695
4742
3696
4743
3697
4744
4745
4746
4747
4748
4749
4750
4751
4752
4753
4754
4755
4756
4757
4758
4759
4760
4761
4762
4763
4764
4845
4846
4847
4848
4849
4850
4851
4852
4853
4854
4855
4856
4857
4858
4859
4860
4861
4862
4863
4864
4865
4867
4869
4871
4873
4875
4877
4879
4881
4883
4885
4887
4889
4891
4893
4895
4896
4897
4898
4899
4900
4901
4902
4903
4904
4905
4906
4907
4908
4909
4910
4911
4912
4913
4914
4915
4916
4917
4918
4919
4920
4921
4922
4923
4924
4925
4926
4927
4929
4931
4933
4935
4937
4939
4941
4943
4945
4947
4949
4951
4953
4955
4965
4975
4985
4995
4161
4171
4181
4191
4201
4211
4221
4231
4241
4251
4261
4271
4276
4281
4286
4291
4296
4301
4306
4311
4316
4321
4326
4331
4336
4341
4346
4351
4356
4361
4366
4371
4376
4381
3886
4383
3891
2845
3892
2846
3893
2847
3894
2848
3895
2849
3896
2850
3897
2851
3898
2852
3899
2853
3900
3901
3902
3903
3904
3905
3906
3907
3908
3909
3910
3911
3912
3913
3914
3915
3916
3917
3918
3919
3920
